image: cartographer_map.pgm
resolution: 0.050000
origin: [-14.890576, -9.541008, 0.000000]
negate: 0
occupied_thresh: 0.65
free_thresh: 0.196

