image: fastlio_gmapping_2d_map_20260331_202049.pgm
resolution: 0.050000
origin: [-60.000000, -60.000000, 0.000000]
negate: 0
occupied_thresh: 0.65
free_thresh: 0.196
